  0        0 93.021926
  1    10000 637.428402
  2    20000 965.648041
  3    30000 118.606540
  4    40000 762.283957
  5    50000 132.954599
  6    60000 129.350967
  7    70000 152.131816
  8    80000 190.352244
  9    90000 216.426390
 10   100000 178.365118
 11   110000 305.822231
 12   120000 120.124800
 13   130000 155.305550
 14   140000 140.456286
 15   150000 790.251551
 16   160000 429.186355
 17   170000 463.002591
 18   180000 228.872372
 19   190000 184.766444
 20   200000 193.074117
